$ANSIBLE_VAULT;1.1;AES256
30343163366466363066316531663930623766393662666664643636376335646332646138343966
3862323764303930613331353234636138313130656535390a316332333437363661386536663439
64323566343537333664396139343436303061623736633830646161666663396562343766326131
3239643062313532350a383931366166646231333937313532343638323063386434306465313463
62656638626364323163346265376462353033646161343239613166616130333062353335383533
38396564386364633562303635363632636435366335636637303465303338636630306561666630
33666364383938353264616237633237663636663631313531303537383965323736663261313363
31623339663031666235666532626632636265653161356330396632623334363962643430356563
39613261383837626636343335333930353963633930346566313030623030616635396461343437
33396134666663663830393036316332396365393938303930653461306262623633396639326335
30336430316631326230313762653365313430303664666664643463306661383330303232326537
35333266636236626432633338346130396635303765613363633036393633323935656536336335
61386333393434623061626635303030636539356234626632316636393030353865656436346363
61643361633436666663636162353966396231636264613335616635396564663038336233666431
63386535343164343135636633336166633864656432313532343434376634333561616536633433
66306333343037373561353465393462316531623166303934303362656264666465326466623432
30393033633832646565326362323937666233616130623131373962373339643063633930636538
65633638613331653465636335636239353263663531336163303431353562643433333363336131
65366664326464386264343963326634653066653731353138343262323961373061653632343831
34326161313939383038383366643037663435636435623266333861353766343430313863303234
34653937363138313165396335353337326535643736373963343634356335303061393764633031
63636535353861366266633362356635396232393663373365656562656164353062363461303236
35333939613735353534316531643637653261303334663436623935333438616434633738326333
37333530643461303436623965623666393366613765633263303332623330656336323232396163
38383330666664396463666138313737656266363935626339353038313665313433633430646661
35323133643130376664656439353433356564623363636238366637366338323130396134323265
61306464656430363361366539316135616636653638303639376561333037646465663066323565
37613536303766353034373637653537616339323830663934353436393535313430333263323035
36643638663664376264626133383465366561363733656164383734316163383464396363346561
33373335656461323238616239643463386639383336356365663434663034643237366631616431
61653533343939623731353565663332343162376361646234363438343835653631373966373835
35613234623335373730353464316162316636333233303136346631616236643939616132613230
36393065656530653264623937623666643166383931313631633764363135306666323430383539
33633137633561316536656666323265383630353134336138343965306138396432363736633230
35383833613061363765616638313866303037316439633237323361383732353661336566313733
39623361623766396266326633353736376431343664316333623734623830376465623435633339
34313435666333316135343063333234353331346562616166636365633164633337326132656463
38383634623535303430346131656663376463393463373433326637333136306239326238616430
64326362663937323038633466633063623430373736633532323661343066366434323562343739
66636334356334396363623330373834643530613738333237323061656530373032373731366166
38303131663436396361383234613634343236666663313165313731323662656435313632653462
61633563623332336332333233373736363065393766653536366630326333666637663666656665
30313564666265653330363561323435636639373634393938303462323163643562646132316538
30323966313833663035376430633433383861623565383166643035306461396538306532323530
66323966353063356137303631383861643131396265353133363839316238623662326465626363
63313030376462333336626565386137343061653330313064623238666464393936316339656435
36623037643934326662303636353761346363383532663733633230353930343561383465303865
34323762343935333865353731383530303065303239666636306265396438383962393563383833
31363230373238363065643333626334356135386434363534393036356234616238316239346466
33336435303030333638323239313166633832323135323534616663306265386534333162303233
30346430653436376534396331313338356130326438623235636664363336306637626336313364
37306234336539356662326564643163386166626333666535666139626562653365323335313339
36313463393935663238663131643330633632323166653536313265643132666533663034316363
64333733653236663138353039653434646431396531386639633637343335376133656131323130
61383832663661306439386538626531396337663737383537346434333331396631393539373237
35323738613364336561306138626437636364336135666566646139323839613863666534396165
61356233343132396365386530636330646131393933373332323639343733646234623337343837
35636530346538643636356261373036663863336639316633663234363232386536386361636166
30313139623461646531386361353134316265333130323139323236656532663734616261303166
39356336636465653239366662353736336132333535623339396333333565663063623431386337
61633234653631303866636661383031623734306538643032613763313162626636336566383236
30623262623739323231393439303761353963336230383961343562356237396335396632303331
65343065386364336339643938373138373834353730363065396333633130306431316636643235
31623062343130333361666566343934333435333465303738383931653937336438306363626165
61653864623263356139343264666165396162666236363630363431666339363931316563313831
39633863323938393162373262663866623163646261326138313464396237653166373365613433
66613661306665666330376234373332346531323430633237343631663634393332623031646265
62643565623464656464323430643132616230313762633833633337373461326434633633383137
30396565323836393935393766633436333439303530626464613761333561623537376635656564
36643436316162626439353539646165363438663332376163613062383130333963653462366436
37386439666130346633613332653138376330343263613237616132393764633061376135356265
38353565316434376634306132356362666361666662343336333262373564343265316139353736
66666332366335353665653161663038656566376137646639383631333461653534323934343365
66363365393233383464353661353532323363313933323564383264376232346138633836376431
66356136623666396564616630346435323438623730313961316164323263316662306135306635
63353061626232356464613636376165363266336662323531343639356532363034663637663931
34613038396337393765373465636664336133373434663730356535326163373664663733356434
36333933313062383730643237313365626562623136616632303233303238303436386661663530
34343861396566373039386331303232393661626630313433396163376463346439323338656239
38303332313263366239643030303731313161303836636136386132373031643538383665383632
62613662313130383931353164636435353733323737626139333263356630353330346231633533
36393764323632343237323539646538623134626366333134353235396665663134643932323364
35353031333336306639396636613138663262323033376537343963306430356430396438373037
32643338353364353565313132653130323435363962646364656432373131366162303764343464
62303834323830306236303438306261393865383838613862356330343263666239353563396463
66356133643334383866373336306239633061633636343461333065303430663261616335393336
37356365373334616436343563613132383434633936623563303631356362623762366332653761
66383034623837366338623863373266643165396635333034663735666366396231396365633165
38626539323664303364376634383234616132366235396335633334626236313165636463613334
35613239663265666234626436623964313533363435366337383139646638316635393234646565
64653334633065633931633162333333343334663735613330363765313936616662303637366637
37373933376439383235313366376539316365323764363238306264386234663537643033636462
34396261626330343065303832383433373038333338343362303465373964313661346532336237
65346632336561383561353132313666643139646132346638623235616638366163383734323266
32313837383830316362646131393565353838623636323033353433383463323238656465303230
37653861303162663638626136306433633961373935613935313932303563653964356634366661
35633832333262636431306230323466396630396662373634343362633531346635383537316561
62376261656665663235366335333135633865336465373532323562363337633535626332323338
61623862376337643465373065376531336564366538653565643666313061393935626635343133
35383737386464353261373635336435366537613230633138373733373231623466323737383634
61613830653030666537663339306333663231323632383436323663383866303038343966633165
61383838613538616462376430363934653665333662393233373538646665326531363864386366
30313630636330636436333836656635373061323136613333373065646361636632646232393163
30346566303765613334336437373465333566646361653163313236626162363465616462623631
39656361396466373836323031383034633235386330613233626239613832353861336638366636
32383365326265623138633131396531353062636464346339396162653031326434393266656266
37643163373266306363336139386236343938393230623338366564323738363030626336346231
37363934623732396439333138316563363065636166373162366631356562386530616630633564
62326332376366323563613636333861366537636335633434663061393264653934613761343037
33393738636462363731616430393131623732386337633664366436643131336632353239386135
35316665613134323236313662333962613834303963383032376230663461653065633837353331
35663238356431363161363466383663643461366561356366646464303035326362643563383330
31616462316133663638326439366166323665653338373532393032306337303532326538626664
36656239636565376230383732636439393037646436333764656236336132396237653062353863
65326434336566353665383763323234333564643761303566366265323135313464343031633030
62313565393439663630393230613737633363383836336238303730343764616231663336356636
39666530373630313035623434333638396264656237373661626335376661616237613832616264
34656632616131663135353163663434376566386364616532303262663233646566393961326231
37396535616162616639636566643039366434316165633234626430356665643534653730656236
65653137363539346461346564313764636336393034633163303437326435623937346531343039
6339
